y1phase: 0
y1freq: 1
x1phase: 0
x1freq: 1
y1amp: 1
expand: -5
trailcolor: 1.1000000238419
trailstep: 0.050000000745058
headrepeat: 10
x1amp: 1
npoints: 100
headcolor: 2.7699999809265
