npoints: 60
x1amp: 1
y1phase: 0
x1phase: 0
y1freq: 2.5499999523163
x1freq: 2.5499999523163
mirror: 1
headrepeat: 5
headcolor: -0.88999998569489
expand: 8
trailstep: 0.019999999552965
trailcolor: 0.80000001192093
y1amp: 1
