y1amp: 1
x1amp: 1
y1phase: 0
trailcolor: 0.55000001192093
y1freq: 1
x1freq: 1
mirror: 0
headrepeat: 5
headcolor: -0.0099999997764826
expand: -5
trailstep: 0.019999999552965
npoints: 100
x1phase: 0
