y1phase: 0
y1freq: 1
x1phase: 0
x1freq: 1
y1amp: 1
expand: -5
trailcolor: 0.55000001192093
trailstep: 0.019999999552965
headrepeat: 5
x1amp: 1
npoints: 100
headcolor: -0.0099999997764826
