numcircles: 1
density: 0
timestep: 0.0050000008195639
speed: 7
fadedir: 1
scalex: 0.30000001192093
scaley: 0.30000001192093
radiusdir: 1
freqy: 2
freqx: 2
