numcircles: 1
freqy: 0.49000000953674
radiusdir: 1
mapmode: 1.0
speed: 7
fadedir: 1
timestep: 0.5
scaley: 0.20000000298023
freqx: 1.0
density: 0
scalex: 0.0
