timestep: 0.050000000745058
freqy: 3
scaley: 0.10999999940395
