freqy: 3
scaley: 0.10999999940395
timestep: 0.050000000745058
freqx: 0
scalex: 0
