timestep: 0.10000000149012
freqy: 3.5199999809265
scaley: 0.11999999731779
scalex: 0
freqx: 0
