timestep: 0.31000000238419
numcircles: 1
radiusdir: 1
mapmode: 1.0
scaley: 0.33000001311302
scalex: 0.33000001311302
density: 0
fadedir: 1
freqx: 1.0
freqy: 1.0
speed: 7
