freqy: 3.5199999809265
scaley: 0.11999999731779
timestep: 0.0099999997764826
freqx: 0
scalex: 0
