timestep: 0.0099999997764826
freqy: 3
scaley: 0.11999999731779
