freqx: 2
freqy: 2
scalex: 0.20000000298023
scaley: 0.20000000298023
timestep: 0.090000003576279
mapmode: 1
