radrange: 1.5
timestep: 0.93000000715256
dwell: 0.0
autogradspeed: 0.20000000298023
divergence: 8.0
beziercontrol: 1.0
subdivide: 64.0
samples: 3.0
baseradius: 0.5
autogradrange: 0.49000000953674
autogradient: 1.0
autograddrift: 0.0099999997764826
rotrange: 7200.0
colorsymmetry: 1.0
symmetry: 11.0
scale: 0.58999997377396
radspeed: 2.0
rotspeed: 0.77999997138977
