npoints: 16.0
symmetry: 8.0
baseradius: 0.54000002145767
scale: 0.74000000953674
subdivide: 128.0
noisescale: 10.0
beziercontrol: 1.0
timestep: 0.46999999880791
rotrange: 3600.0
dwell: 20.0
