colorsymmetry: 1.0
radspeed: 2.0
beziercontrol: 1.0
autogradspeed: 0.20000000298023
scale: 0.58999997377396
dwell: 0.0
timestep: 0.93000000715256
baseradius: 0.5
radrange: 1.5
autograddrift: 0.050000000745058
samples: 4.0
divergence: 8.0
rotrange: 7200.0
rotspeed: 0.77999997138977
autogradrange: 0.49000000953674
subdivide: 64.0
autogradient: 1.0
symmetry: 3.0
