dwell: 0.0
scale: 0.43000000715256
beziercontrol: 1.1699999570847
rotrange: 3600.0
subdivide: 32.0
samples: 2.0
symmetry: 3.0
colorsymmetry: 0.0
timestep: 0.49000000953674
baseradius: 1.5
divergence: 10.0
