divergence: 10.0
npoints: 12.0
dwell: 32.0
scale: 0.74000000953674
baseradius: 0.54000002145767
symmetry: 3.0
beziercontrol: 0.0
noiserot: 3600.0
timestep: 0.40000000596046
subdivide: 64.0
