colorsymmetry: 1.0
rotrange: 7200.0
scale: 0.58999997377396
autogradspeed: 0.20000000298023
radrange: 1.5
rotspeed: 0.77999997138977
beziercontrol: 1.0
baseradius: 0.5
subdivide: 64.0
timestep: 0.93000000715256
symmetry: 5.0
autogradient: 1.0
samples: 3.0
radspeed: 2.0
divergence: 8.0
autograddrift: 0.0099999997764826
dwell: 0.0
autogradrange: 0.49000000953674
