timestep: 0.28999999165535
scale: 0.43000000715256
dwell: 0.0
divergence: 10.0
subdivide: 64.0
npoints: 10.0
beziercontrol: 1.1699999570847
baseradius: 1.5
rotrange: 3600.0
symmetry: 2.0
