symmetry: 6.0
baseradius: 0.5
dwell: 1.0
autogradspeed: 0.10000000149012
subdivide: 128.0
beziercontrol: -0.5
autogradient: 1.0
radspeed: 3.0
scale: 0.66000002622604
divergence: 1.0
colorsymmetry: 1.0
timestep: 0.93000000715256
rotspeed: 0.5
rotrange: 7200.0
samples: 3.0
autogradrange: 0.49000000953674
autograddrift: 0.050000000745058
