autogradrange: 0.40000000596046
baseradius: 0.54000002145767
rotrange: 28800.0
subdivide: 32.0
autogradspeed: 2.2599999904633
colorsymmetry: 0.0
beziercontrol: 3.0
symmetry: 7.0
autogradient: 1.0
scale: 0.62000000476837
radrange: 1.0
timestep: 0.40000000596046
samples: 7.0
rotspeed: 0.25
divergence: 10.0
