autograddrift: 9.9999997473788e-05
samples: 3.0
autogradspeed: 0.5
subdivide: 128.0
timestep: 0.93000000715256
autogradrange: 0.20000000298023
rotrange: 7200.0
rotspeed: 0.5
baseradius: 0.5
beziercontrol: -0.5
scale: 0.56000000238419
colorsymmetry: 0.0
autogradient: 1.0
radspeed: 3.0
divergence: 1.0
dwell: 20.0
symmetry: 7.0
