symmetry: 7.0
samples: 3.0
autograddrift: 9.9999997473788e-05
scale: 0.69999998807907
autogradrange: 0.20000000298023
autogradient: 1.0
timestep: 1.0
divergence: 19.5
baseradius: 0.5
radspeed: 2.0
subdivide: 256.0
dwell: 20.0
rotrange: 14400.0
colorsymmetry: 1.0
rotspeed: 0.50999999046326
beziercontrol: 0.0
autogradspeed: 0.5
