divergence: 19.5
radspeed: 2.0
autogradrange: 0.20000000298023
autograddrift: 9.9999997473788e-05
rotspeed: 0.50999999046326
symmetry: 7.0
beziercontrol: 0.0
autogradient: 1.0
colorsymmetry: 1.0
subdivide: 256.0
samples: 3.0
autogradspeed: 0.5
timestep: 1.0
rotrange: 14400.0
baseradius: 0.5
dwell: 1.0
scale: 0.69999998807907
