divergence: 1.0
radspeed: 3.0
autogradspeed: 0.5
autograddrift: 9.9999997473788e-05
rotspeed: 0.5
symmetry: 7.0
beziercontrol: -0.5
autogradient: 1.0
colorsymmetry: 0.0
subdivide: 128.0
samples: 3.0
autogradrange: 0.20000000298023
timestep: 0.93000000715256
rotrange: 7200.0
baseradius: 0.5
dwell: 1.0
scale: 0.56000000238419
