subdivide: 32.0
scale: 0.14000000059605
noisescale: 3.0
beziercontrol: 4.0
noiserot: 750.0
timestep: 2.0199999809265
symmetry: 3.0
baseradius: 3.0
npoints: 9.0
