dwell: 0.0
timestep: 2.0199999809265
scale: 0.14000000059605
divergence: 3.0
npoints: 4.0
symmetry: 3.0
subdivide: 32.0
beziercontrol: 4.0
baseradius: 3.0
rotrange: 750.0
