symmetry: 3.0
divergence: 10.0
rotspeed: 1.0
samples: 4.0
radrange: 1.0
rotrange: 3600.0
subdivide: 32.0
baseradius: 0.54000002145767
timestep: 1.0
autogradrange: 0.40000000596046
colorsymmetry: 0.0
scale: 0.72000002861023
beziercontrol: 5.0
