rotrange: 3600.0
divergence: 10.0
autograddrift: 0.20000000298023
autogradrange: 0.75
colorsymmetry: 1.0
radrange: 1.0
rotspeed: 1.0
autogradspeed: 0.10000000149012
scale: 0.63999998569489
symmetry: 3.0
baseradius: 0.54000002145767
samples: 4.0
beziercontrol: 5.0
timestep: 1.0
subdivide: 32.0
