noisescale: 0.33000001311302
npoints: 7.0
noiserot: 5000.0
beziercontrol: 0.37000000476837
timestep: 0.46999999880791
symmetry: 7.0
subdivide: 32.0
baseradius: 1.5
scale: 0.43000000715256
