autogradrange: 0.49000000953674
radspeed: 1.9099999666214
rotrange: 7200.0
radrange: 3.0
colorsymmetry: 1.0
baseradius: 1.0
timestep: 0.93000000715256
rotspeed: 0.56000000238419
autogradient: 1.0
autogradspeed: 0.23999999463558
subdivide: 128.0
autograddrift: 1.0
scale: 0.15999999642372
dwell: 0.0
beziercontrol: 10.760000228882
samples: 3.0
divergence: 16.260000228882
symmetry: 7.0
