scale: 0.87999999523163
baseradius: 1.0
samples: 3.0
timestep: 0.93000000715256
divergence: 16.260000228882
subdivide: 128.0
dwell: 0.0
radspeed: 1.9099999666214
beziercontrol: 10.760000228882
autogradient: 1.0
rotrange: 7200.0
radrange: 3.0
autograddrift: 1.0
symmetry: 7.0
colorsymmetry: 1.0
autogradrange: 0.49000000953674
autogradspeed: 0.23999999463558
rotspeed: 0.56000000238419
