divergence: 3.0
npoints: 4.0
rotrange: 750.0
beziercontrol: 1.5
timestep: 2.1300001144409
symmetry: 4.0
baseradius: 3.0
subdivide: 32.0
scale: 0.20000000298023
