friction: 0.20000000298023
gradcol2v: 1
optbeampath: 1
gradcol1s: 1
gradcol2s: 1
wandermag: 12
gradcol1h: 0
walldetect: 0.30000001192093
wanderfreq: 1.5
alignment: 5
mindistance: 0.18999999761581
wander: 2
agentfov: 360
gradcol2h: 1.8799999952316
cohesion: 1
separation: 25
visualrange: 0.31000000238419
gradcol1v: 1
maxforce: 20
size: 20
wallavoid: 0.75
colormode: 1
hueoffset: 2.9800000190735
maxspeed: 100
