optbeampath: 1
maxforce: 20
alignment: 5
gradcol1s: 1
visualrange: 0.31000000238419
maxspeed: 100
size: 30
wallavoid: 0.75
hueoffset: 2.9800000190735
colormode: 1
walldetect: 0.30000001192093
gradcol1v: 1
wandermag: 12
friction: 0.20000000298023
separation: 25
mindistance: 0.18999999761581
cohesion: 1
gradcol2s: 1
gradcol1h: 0
gradcol2v: 1
gradcol2h: 1.8799999952316
agentfov: 360
wander: 2
wanderfreq: 1.5
