optbeampath: 1
maxforce: 1000
alignment: 1.9400000572205
gradcol1s: 1
visualrange: 0.20999999344349
maxspeed: 10
size: 40
wallavoid: 0.55000001192093
hueoffset: 2.6300001144409
colormode: 1
walldetect: 0.25999999046326
gradcol1v: 1
wandermag: 12
friction: 0.21999999880791
separation: 100
mindistance: 0.03999999910593
cohesion: 5
gradcol2s: 1
gradcol1h: 0
gradcol2v: 1
gradcol2h: 1.8799999952316
agentfov: 360
wander: 5
wanderfreq: 1.5
