walldetect: 0.20000000298023
alignment: 0.079999998211861
wanderfreq: 1.5
cohesion: 20
mindistance: 0.079999998211861
gradcol2h: 0.5
colormode: 4
separation: 30
size: 30
wandermag: 12
agentfov: 60
friction: 0.10000000149012
maxforce: 100
visualrange: 1
optbeampath: 1
maxspeed: 1.2000000476837
wallavoid: 0.75
wander: 1.5700000524521
