friction: 0.10000000149012
alignment: 0.079999998211861
separation: 30
mindistance: 0.079999998211861
wander: 1.5700000524521
wallavoid: 0.75
agentfov: 60
optbeampath: 1
visualrange: 1
cohesion: 20
maxforce: 100
wandermag: 12
wanderfreq: 1.5
walldetect: 0.20000000298023
maxspeed: 1.2000000476837
size: 30
