maxspeed: 5
walldetect: 0.30000001192093
cohesion: 5
visualrange: 0.30000001192093
wallavoid: 0.75
maxforce: 20
optbeampath: 1
wandermag: 12
wander: 10
mindistance: 0.050000000745058
separation: 10
alignment: 1.5299999713898
wanderfreq: 1.5
size: 30
friction: 0.30000001192093
colormode: 2
agentfov: 270
