size: 30
walldetect: 0.30000001192093
mindistance: 0.050000000745058
cohesion: 5
friction: 0.30000001192093
agentfov: 270
wander: 10
maxspeed: 5
wallavoid: 0.75
visualrange: 0.30000001192093
colormode: 2
optbeampath: 1
wanderfreq: 1.5
maxforce: 20
alignment: 1.5299999713898
separation: 10
wandermag: 12
