optbeampath: 1
maxspeed: 5
visualrange: 0.30000001192093
wander: 10
agentfov: 270
size: 30
maxforce: 20
wandermag: 12
wallavoid: 0.75
walldetect: 0.30000001192093
cohesion: 5
friction: 0.30000001192093
separation: 10
wanderfreq: 1.5
alignment: 1.5299999713898
mindistance: 0.050000000745058
