size: 30
walldetect: 0.40000000596046
mindistance: 0.050000000745058
cohesion: 5
friction: 0.050000000745058
agentfov: 60
wander: 0.029999999329448
maxspeed: 1
wallavoid: 0.9200000166893
visualrange: 0.30000001192093
colormode: 4
wandermag: 6
wanderfreq: 1.9299999475479
optbeampath: 1
alignment: 0.37999999523163
separation: 40
maxforce: 200
