hueoffset: 2.6300001144409
optbeampath: 1.0
alignment: 1.9400000572205
gradcol2s: 1.0
visualrange: 0.20999999344349
size: 50.0
gradcol1s: 1.0
wallavoid: 0.55000001192093
agentfov: 360.0
gradcol1h: 0.0
separation: 100.0
walldetect: 0.25999999046326
mindistance: 0.03999999910593
gradcol1v: 1.0
maxforce: 1000.0
maxspeed: 10.0
cohesion: 5.0
friction: 0.21999999880791
wander: 5.0
wanderfreq: 1.5
gradcol2v: 1.0
colormode: 2.0
gradcol2h: 1.8799999952316
wandermag: 23.0
