hueoffset: 2.5
optbeampath: 1.0
cohesion: 20.0
mindistance: 0.079999998211861
visualrange: 1.0
size: 50.0
wallavoid: 0.75
agentfov: 90.0
colormode: 4.0
maxspeed: 1.5
maxforce: 100.0
wanderfreq: 1.5
alignment: 1.4099999666214
friction: 0.21999999880791
wander: 1.5700000524521
gradcol1h: 0.50999999046326
walldetect: 0.20000000298023
separation: 30.0
gradcol2h: 0.79000002145767
wandermag: 12.0
