gradcol1h: 0.79000002145767
wandermag: 6
alignment: 0.5799999833107
wander: 0.44999998807907
visualrange: 0.40000000596046
wallavoid: 1.5
maxspeed: 2
maxforce: 100
cohesion: 10
size: 30
gradcol2h: 0.50999999046326
optbeampath: 1
colormode: 2
wanderfreq: 1.5
friction: 0.050000000745058
agentfov: 120
walldetect: 0.40000000596046
separation: 50
mindistance: 0.059999998658895
hueoffset: 3.3699998855591
