optbeampath: 1
maxforce: 100
alignment: 0.5799999833107
separation: 50
maxspeed: 2
size: 30
wallavoid: 1.5
cohesion: 10
walldetect: 0.40000000596046
wander: 0.44999998807907
gradcol2h: 0.50999999046326
mindistance: 0.059999998658895
gradcol1h: -0.050000000745058
friction: 0.050000000745058
wandermag: 6
agentfov: 120
visualrange: 0.40000000596046
wanderfreq: 1.5
