colormode: 5
wandermag: 12
wander: 1.5700000524521
maxspeed: 1.5
agentfov: 90
gradcol2h: 3
optbeampath: 1
walldetect: 0.20000000298023
visualrange: 1
alignment: 1.4099999666214
separation: 30
cohesion: 20
mindistance: 0.079999998211861
wanderfreq: 1.5
friction: 0.10000000149012
size: 20
wallavoid: 0.75
maxforce: 100
