cohesion: 20.0
maxforce: 100.0
wander: 1.5700000524521
optbeampath: 1.0
hueoffset: 2.5
mindistance: 0.079999998211861
gradcol2h: 0.79000002145767
wandermag: 12.0
walldetect: 0.20000000298023
separation: 30.0
gradcol1h: 0.50999999046326
alignment: 1.4099999666214
friction: 0.21999999880791
visualrange: 1.0
size: 50.0
wallavoid: 0.75
wanderfreq: 1.5
maxspeed: 1.5
agentfov: 90.0
