wallavoid: 0.75
maxforce: 100
optbeampath: 1
wander: 1.5700000524521
size: 30
agentfov: 90
walldetect: 0.20000000298023
gradcol2h: 0.5
visualrange: 1
separation: 30
mindistance: 0.079999998211861
alignment: 1.4099999666214
wanderfreq: 1.5
cohesion: 20
friction: 0.10000000149012
maxspeed: 1.5
wandermag: 12
