optbeampath: 1
size: 21
visualrange: 0.5
wander: 1
agentfov: 255
maxspeed: 0.5
maxforce: 5
wallavoid: 0.5
cohesion: 1.1200000047684
walldetect: 0.20000000298023
wandermag: 2
friction: 0
separation: 2
wanderfreq: 1.5
alignment: 1
mindistance: 0.050000000745058
