walldetect: 0.20000000298023
mindistance: 0.050000000745058
visualrange: 0.30000001192093
separation: 0.5
agentfov: 180
maxspeed: 1
friction: 0.019999999552965
maxforce: 20
wanderfreq: 1.5
alignment: 0.5
wallavoid: 0.5
cohesion: 1
wandermag: 6
size: 30
wander: 5
