colormode: 1
wandermag: 6
wander: 3.3099999427795
maxspeed: 0.61000001430511
agentfov: 120
optbeampath: 1
walldetect: 0.40000000596046
visualrange: 0.30000001192093
alignment: 0.090000003576279
separation: 6.789999961853
cohesion: 10
mindistance: 0.070000000298023
wanderfreq: 1.5
size: 30
friction: 0
gradcol1h: 0.23999999463558
wallavoid: 0.9200000166893
maxforce: 100
