wander: 3
friction: 0.050000000745058
separation: 10
mindistance: 0.10000000149012
maxforce: 30
alignment: 0.20000000298023
wallavoid: 1
optbeampath: 1
visualrange: 0.30000001192093
cohesion: 20
agentfov: 82
wandermag: 12
wanderfreq: 1.5
walldetect: 0.30000001192093
maxspeed: 0.69999998807907
size: 30
