x1amp: 1
y1amp: 1
x2phase: 0
y2phase: 0.25
x1phase: 0
y1phase: 0.25
x2amp: 1
y2amp: 1
y1freq: 0.81999999284744
x1freq: 0.77999997138977
x2freq: 0.86000001430511
y2freq: 0.76999998092651
