npoints: 10
x2freq: 0.98000001907349
y1freq: 0.61000001430511
x1freq: 0.37000000476837
y2phase: -0.91000002622604
y2freq: 0.98000001907349
y2amp: 0.5
x1amp: 1
x2amp: 0.5
y1amp: 1
