x1amp: 1
y1amp: 1
x2freq: 2.1500000953674
y2freq: 2.1500000953674
x2amp: 0.5
y2amp: 0.5
y1freq: 1.4700000286102
x1freq: 1.4700000286102
