y2freq: 0.98000001907349
y1freq: 1.1299999952316
x1freq: 1.1299999952316
x2freq: 0.98000001907349
y1amp: 1.0
y2amp: 0.5
npoints: 20.0
y2phase: -0.91000002622604
x2amp: 0.5
x1amp: 1.0
