hue: 0.89999997615814
optimizepath: 1.0
noisedimy: 10.0
noisescale: 6.5300002098083
timestep: 0.77999997138977
nlayers: 1.0
isovalue: 0.27000001072884
noisedimx: 20.0
