noisedimy: 8.0
noisescale: 6.0
noisedimx: 16.0
optimizepath: 1.0
nlayers: 2.0
hue: 0.68000000715256
isovalue: 0.23999999463558
timestep: 1.5
