hue: 0.89999997615814
noisedimx: 32.0
optimizepath: 1.0
timestep: 2.0
isovalue: 0.27000001072884
nlayers: 1.0
noisescale: 8.0
noisedimy: 16.0
