hue: 0.68000000715256
noisedimx: 16.0
optimizepath: 1.0
timestep: 1.3200000524521
isovalue: 0.18999999761581
nlayers: 3.0
noisescale: 6.0
noisedimy: 8.0
