hue: 0.30000001192093
isovalue: 0.33000001311302
noisedimx: 32.0
noisedimy: 32.0
nlayers: 3.0
timestep: 0.090000003576279
optimizepath: 1.0
noisescale: 4.0
