hue: 0.37999999523163
isovalue: 0.12999999523163
noisedimx: 32.0
noisedimy: 8.0
noisescale: 4.0
timestep: 0.56999999284744
nlayers: 3.0
