isovalue: 0.059999998658895
noisescale: 4.0
nlayers: 3.0
timestep: 0.30000001192093
noisedimx: 32.0
noisedimy: 8.0
hue: 0.25
