radspeed: 1.0
beziercontrol: 1.5
baseradius: 1.5
divergence: 5.0
subdivide: 32.0
rotspeed: 0.5
rotrange: 20000.0
npoints: 6.0
scale: 0.43000000715256
timestep: 0.15000000596046
symmetry: 3.0
