divergence: 0.41999998688698
npoints: 3.0
rotrange: 5000.0
beziercontrol: 1.5
timestep: 0.33000001311302
symmetry: 3.0
scale: 0.20000000298023
baseradius: 3.0
subdivide: 32.0
