drag: 0.63999998569489
optimize: 1.0
noisescale: 0.62999999523163
timestep: 0.60000002384186
backvisible: 1.0
phase: 0.0099999997764826
gradientforce: 1.6799999475479
