drag: 0.98000001907349
noisescale: 1.6499999761581
timestep: 1.1799999475479
backvisible: 1.0
phase: 0.0
gradientforce: 12.010000228882
optimize: 1.0
