phase: -0.0099999997764826
steerforce: 1.0700000524521
noisescale: 0.52999997138977
optimize: 1.0
backvisible: 1.0
timestep: 0.30000001192093
drag: 0.51999998092651
