thrustforce: 0.5
phase: 0.0
backvisible: 1.0
gradientforce: 0.1
optimize: 1.0
timestep: 0.6200000047684
noisescale: 1.2300000190735
drag: 1.0
