drag: 0.0
optimize: 1.0
timestep: 1.6200000047684
backvisible: 1.0
steerforce: 0.0
noisescale: 1.2300000190735
phase: 0.0
