thrustforce: 0.5
optimize: 1.0
drag: 0.20999999344349
phase: 0.090000003576279
timestep: 0.46999999880791
backvisible: 1.0
noisescale: 1.4900000095367
gradientforce: 3.6700000762939
