timestep: 0.46999999880791
drag: 0.20999999344349
gradientforce: 3.6700000762939
phase: 0.090000003576279
optimize: 1.0
backvisible: 1.0
noisescale: 1.4900000095367
