headrepeat: 5.0
npoints: 30.0
offsetfreq: 1.0
hscroll: 0.0
headcolor: -0.0099999997764826
mirror: 0
y1amp: 1.0
trailstep: 0.019999999552965
x1amp: 1.0
x1phase: 0.0
y1phase: 0.0
x1freq: 1.0
y1freq: 1.0
octaves: 2.0
ntrails: 9.0
trailcolor: 0.55000001192093
expand: -5.0
traildiverge: 0.03999999910593
trailoffset: 0.75999999046326
