lacunarity: 2.0
x1phase: 0.0
timestep: 0.72000002861023
y1amp: 1.0
x1amp: 1.0
headrepeat: 0.0
expand: 0.0
y1freq: 1.0
x1freq: 1.0
traildiverge: 0.72000002861023
persistence: 0.5
hscroll: 0.0
trailoffset: 0.60000002384186
aspectratio: 1.0
trailstep: 0.0049999998882413
octaves: 1.0
trailcolor: 0.55000001192093
headcolor: -0.0099999997764826
offsetfreq: 6.3000001907349
ntrails: 9.0
npoints: 50.0
y1phase: 0.0
