headcolor: -0.0099999997764826
timestep: 0.74000000953674
y1amp: 0.0
x1amp: 0.0
aspectratio: 1.0
octaves: 1.0
persistence: 0.5
y1freq: 0.0
y1phase: 0.0
x1phase: 0.0
expand: 10.0
trailstep: 0.0099999997764826
lacunarity: 2.0
trailoffset: 0.74000000953674
ntrails: 9.0
hscroll: 0.0
offsetfreq: 6.0
trailcolor: 0.55000001192093
npoints: 16.0
mirror: 0
traildiverge: 0.8299999833107
headrepeat: 0.0
x1freq: 0.0
