ntrails: 9.0
trailoffset: 0.60000002384186
headrepeat: 0.0
expand: -5.0
trailcolor: 0.55000001192093
mirror: 0
traildiverge: 0.72000002861023
headcolor: -0.0099999997764826
hscroll: 0.0
y1amp: 1.0
octaves: 1.0
offsetfreq: 6.3000001907349
trailstep: 0.019999999552965
npoints: 10.0
y1phase: 0.0
x1phase: 0.0
x1amp: 1.0
timestep: 0.72000002861023
y1freq: 1.0
x1freq: 1.0
