x1amp: 3.9800000190735
y1amp: 3.9800000190735
z1amp: 3.9800000190735
z1freq: 2.0
y1freq: 2.0
x1freq: 2.0
timestep: 0.10000000149012
offsetfreq: 12.0
trailstep: 0.0049999989569187
ntrails: 12.0
trailoffset: 1.8700000047684
persistence: 0.5
trailcolor: 0.55000001192093
y1phase: 0.0
npoints: 75.0
z1phase: 0.0
traildiverge: 1.0299999713898
aspectratio: 1.0
headrepeat: 4.0
octaves: 1.0
lacunarity: 2.0
expand: 16.0
hscroll: 0.0
headcolor: -0.0099999997764826
x1phase: 0.0
