trailcolor: 0.55000001192093
mirror: 0
trailstep: 0.0049999998882413
persistence: 0.5
x1freq: 1.0
traildiverge: 0.62999999523163
offsetfreq: 6.3000001907349
headrepeat: 0.0
trailoffset: 2.1300001144409
x1amp: 1.0
timestep: 0.090000003576279
lacunarity: 2.0
expand: 0.0
x1phase: 0.0
aspectratio: 1.0
y1phase: 0.0
y1amp: 1.0
hscroll: 0.0
ntrails: 1.0
headcolor: -0.0099999997764826
npoints: 100.0
y1freq: 1.0
octaves: 1.0
