offsetfreq: 8.0
trailcolor: 0.55000001192093
expand: 15.0
x1phase: 0.0
traildiverge: 1.2400000095367
ntrails: 9.0
y1phase: 0.0
lacunarity: 2.0
x1freq: 1.0
trailstep: 0.0049999989569187
headcolor: -0.0099999997764826
x1amp: 1.0
y1amp: 1.0
aspectratio: 1.0
octaves: 1.0
trailoffset: 0.66000002622604
npoints: 50.0
y1freq: 1.0
persistence: 0.5
hscroll: 0.0
headrepeat: 0.0
timestep: 0.23999999463558
