x1amp: 1.0
npoints: 10.0
headrepeat: 0.0
lacunarity: 2.0
traildiverge: 0.62999999523163
octaves: 1.0
offsetfreq: 6.3000001907349
trailcolor: 0.55000001192093
persistence: 0.5
aspectratio: 1.0
timestep: 0.37999999523163
y1freq: 1.0
x1freq: 1.0
mirror: 0
hscroll: 0.0
headcolor: -0.0099999997764826
trailoffset: 2.1300001144409
ntrails: 15.0
y1amp: 1.0
trailstep: 0.0099999997764826
y1phase: 0.0
x1phase: 0.0
expand: 0.0
