y1freq: 0.98000001907349
x1phase: 0.0
y1phase: 0.0
timestep: 0.34999999403954
lacunarity: 2.0
aspectratio: 1.0
x1amp: 1.0
expand: 30.0
trailoffset: 1.0499999523163
headcolor: -0.0099999997764826
traildiverge: 0.46000000834465
offsetfreq: 6.3000001907349
headrepeat: 0.0
hscroll: 0.0
y1amp: 1.0
octaves: 5.0
mirror: 0
ntrails: 16.0
x1freq: 0.98000001907349
persistence: 0.5
trailcolor: 0.55000001192093
npoints: 10.0
trailstep: 0.0099999997764826
