x2amp: 1
y2amp: 1
x2phase: 0
y2phase: 0.25
x1amp: 1
y1amp: 1
npoints: 1
x1phase: 0
y1phase: 0.25
x1freq: 0.090000003576279
x2freq: 0.079999998211861
y2freq: 0.079999998211861
y1freq: 0.090000003576279
