octaves: 1.0
traildiverge: 0.27000001072884
trailcolor: 0.55000001192093
x1phase: 0.0
y1phase: 0.0
z1phase: 0.0
ntrails: 9.0
z1freq: 3.0
y1freq: 3.0
x1freq: 3.0
z1amp: 1.0
timestep: 0.079999998211861
persistence: 0.5
trailoffset: 2.0299999713898
headrepeat: 0.0
hscroll: 0.0
aspectratio: 1.0
npoints: 100.0
headcolor: -0.0099999997764826
expand: 15.0
y1amp: 1.0
x1amp: 1.0
lacunarity: 2.0
trailstep: 0.0049999989569187
offsetfreq: 8.0
