trailcolor: 0.55000001192093
z1amp: 1.25
x1amp: 1.25
ntrails: 9.0
persistence: 0.5
timestep: 0.11999999731779
y1freq: 2.0
z1freq: 2.0
offsetfreq: 8.789999961853
headcolor: -0.0099999997764826
trailstep: 0.0049999989569187
headrepeat: 4.0
y1phase: 0.0
x1phase: 0.0
trailoffset: 1.0900000333786
octaves: 1.0
z1phase: 0.0
y1amp: 1.25
hscroll: 0.0
expand: 49.0
npoints: 75.0
traildiverge: 1.0
aspectratio: 1.0
lacunarity: 2.0
x1freq: 2.0
