x1amp: 39.25
y1amp: 39.25
z1amp: 39.25
z1freq: 0.55000001192093
y1freq: 0.55000001192093
x1freq: 0.55000001192093
timestep: 0.17000000178814
offsetfreq: 8.8000001907349
trailstep: 0.0050000008195639
ntrails: 12.0
trailoffset: 6.3499999046326
persistence: 0.5
trailcolor: 0.55000001192093
y1phase: 0.0
npoints: 100.0
z1phase: 0.0
traildiverge: 0.88999998569489
aspectratio: 1.0
headrepeat: 4.0
octaves: 1.0
lacunarity: 2.0
expand: 49.0
hscroll: 0.0
headcolor: -0.0099999997764826
x1phase: 0.0
