sheary: 0.0
offsetx: -646.0
pincushiony: 10.0
shearx: 0.0
scale: 42.0
pincushionx: -9.0
linearityy: 0.0
flipy: 0.0
linearityx: -2.0
bowy: 0.0
scalex: 114.0
keystoney: -13.800000190735
offsety: 150.0
bowx: 0.0
keystonex: 0.27000001072884
flipx: 1.0
rotation: -0.56000000238419
scaley: 111.0
