bowx: 0.0
intensity: 255.0
scaley: 123.0
keystonex: 1.5599999427795
offsetx: -761.0
scalex: 122.0
keystoney: -16.0
flipx: 1.0
shearx: 0.0
pincushiony: 14.0
linearityx: -2.0
flipy: 0.0
rotation: -0.87999999523163
bowy: 0.0
pps: 65.535003662109
scale: 21.0
sheary: 0.0
linearityy: 0.0
pincushionx: -10.0
offsety: -102.0
