scaley: 111.0
keystonex: 0.27000001072884
flipy: 0.0
pincushionx: -0.0099999997764826
offsetx: -680.0
bowy: 0.5
linearityx: -2.0
pincushiony: 6.5599999427795
shearx: 0.0
sheary: 0.0
linearityy: 0.0
flipx: 0.0
pps: 65.535003662109
intensity: 255.0
offsety: -587.0
rotation: 0.49000000953674
keystoney: -13.800000190735
scale: 42.0
bowx: 0.0
scalex: 114.0
